Year,Waarneming,Trend,Onzekerheid ondergrens,Onzekerheid bovengrens
1990,88,100,82,122
1991,99,99,85,116
1992,102,98,88,110
1993,109,97,88,107
1994,116,96,88,105
1995,103,94,86,103
1996,79,93,84,102
1997,84,90,82,100
1998,94,87,79,96
1999,84,85,78,94
2000,83,85,78,94
2001,87,86,79,95
2002,83,87,80,96
2003,95,88,80,96
2004,94,88,81,96
2005,91,89,82,97
2006,81,90,83,98
2007,92,91,84,99
2008,92,93,87,101
2009,90,95,89,102
2010,100,96,90,103
2011,105,98,91,104
2012,104,99,93,105
2013,98,100,94,106
2014,112,101,95,108
2015,91,102,94,110
